1491169535000,fILBOwBsmX9z5QArx36YGBpHLDM=,178,734,3,1748,1,1
1491189927000,KO9pJAYpxpXAWnYs/DHPDBBVzew=,185,733,3,1748,1,1
1491191189000,6whGUpepOlmAj6ydDamdCELRHuY=,185,734,3,1748,1,1
1491192462000,LBof114udfAzq4ZzDEiJvNBsgAk=,185,732,3,1748,1,1
1491194198000,V40ggJsRo4i8b9gGCrQLkSwZR7s=,184,734,3,1748,1,1
1491196412000,8PyY1qOY0nUMO4WhGWDGa8oWl7I=,185,730,3,1748,1,1
1491198240000,irZyMUrdaTGxI7fpYVauasedsy8=,176,734,3,1748,1,1
1491199574000,kApKK4adHOz1Zm4C1jauMkFM4SI=,168,729,0,1748,1,1
1491200761000,B4U1h489QvuWoIDDrdilkMbF0YI=,166,731,3,1748,1,1
1491200761000,RvSTxPWjzq7db/k7g9UtcskX9Ao=,166,731,3,1748,1,1
1491200761000,vdt1EiuDgzAnbBs75kh1FBQspJE=,166,731,3,1748,1,1
1491201809000,OCtSTp/LcUOCNKsRQtnBdLdq74A=,184,731,3,1748,1,1
1491201976000,vdt1EiuDgzAnbBs75kh1FBQspJE=,165,731,3,1748,1,1
1491202103000,SFymQS+77b49Jyrz1STaDM5GbtI=,172,729,0,1748,1,1
1491203938000,B4U1h489QvuWoIDDrdilkMbF0YI=,164,734,3,1748,1,1
1491204785000,V40ggJsRo4i8b9gGCrQLkSwZR7s=,181,734,3,1748,1,1
1491204812000,6whGUpepOlmAj6ydDamdCELRHuY=,179,734,3,1748,1,1
1491204816000,ywGghx5vLaLFZMHZK/gTw4wc4TE=,163,734,3,1748,1,1
1491205112000,OBGjEkRD09yu5Uw0FgQQnFNjeyY=,180,734,3,1748,1,1
1491205202000,ergwlYbxoNO0rXMLwyj8xEdF8B0=,165,732,3,1748,1,1
1491205215000,SS0oy0Sw14mgMsuW2PLfcZwwxVg=,185,728,12,1748,1,1
1491205531000,piCn383O8X+tnf48y8m7Cnh8qyg=,171,734,3,1748,1,1
1491205751000,iTcKt7G+nH/GUAgn43UisdqvYaM=,174,730,3,1748,1,1
1491205804000,ergwlYbxoNO0rXMLwyj8xEdF8B0=,171,732,3,1748,1,1
1491205828000,SS0oy0Sw14mgMsuW2PLfcZwwxVg=,183,728,12,1748,1,1
1491206066000,+4q+0DsQ2wpLmCnTJ8qYY9eofz4=,182,728,12,1748,1,1
1491206346000,ywGghx5vLaLFZMHZK/gTw4wc4TE=,168,734,3,1748,1,1
1491206623000,SFymQS+77b49Jyrz1STaDM5GbtI=,165,730,3,1748,1,1
1491207468000,vghXnOFDBedpA0I/nb+nKfOaJkA=,168,733,0,1748,1,1
1491207875000,ywGghx5vLaLFZMHZK/gTw4wc4TE=,182,734,3,1748,1,1
1491207913000,dFJvrlhGYHnZXnfTptNLuVsG/6g=,183,734,3,1748,1,1
1491208065000,vghXnOFDBedpA0I/nb+nKfOaJkA=,164,732,0,1748,1,1
1491208487000,ywGghx5vLaLFZMHZK/gTw4wc4TE=,175,734,3,1748,1,1
1491208508000,JDnP2MGyvZUJCGCknV4nv1pw48c=,179,730,8,1748,1,1
1491209427000,JDnP2MGyvZUJCGCknV4nv1pw48c=,181,730,8,1748,1,1
1491210465000,ergwlYbxoNO0rXMLwyj8xEdF8B0=,164,729,0,1748,1,1
1491210465000,iTcKt7G+nH/GUAgn43UisdqvYaM=,164,729,0,1748,1,1
1491212616000,iTcKt7G+nH/GUAgn43UisdqvYaM=,177,729,3,1748,1,1
1491212658000,SFymQS+77b49Jyrz1STaDM5GbtI=,173,729,0,1748,1,1
1491212818000,JDnP2MGyvZUJCGCknV4nv1pw48c=,180,732,8,1748,1,1
1491213141000,vghXnOFDBedpA0I/nb+nKfOaJkA=,170,733,3,1748,1,1
1491213304000,ergwlYbxoNO0rXMLwyj8xEdF8B0=,175,731,0,1748,1,1
1491213464000,Sd9BU5fmDG9KSB5jeHtN5/SZ8Us=,177,731,6,1748,1,1
1491213581000,JDnP2MGyvZUJCGCknV4nv1pw48c=,181,732,8,1748,1,1
1491213605000,ergwlYbxoNO0rXMLwyj8xEdF8B0=,178,732,6,1748,1,1
1491214103000,2EqD9pCAB90fsCgIb1UZihSgPcc=,173,734,3,1748,1,1
1491214208000,ergwlYbxoNO0rXMLwyj8xEdF8B0=,182,731,8,1748,1,1
1491214208000,iTcKt7G+nH/GUAgn43UisdqvYaM=,182,731,8,1748,1,1
1491214208000,SFymQS+77b49Jyrz1STaDM5GbtI=,166,732,3,1748,1,1
1491214347000,vghXnOFDBedpA0I/nb+nKfOaJkA=,181,731,8,1748,1,1
1491214509000,ergwlYbxoNO0rXMLwyj8xEdF8B0=,168,730,3,1748,1,1
1491214509000,iTcKt7G+nH/GUAgn43UisdqvYaM=,181,729,6,1748,1,1
1491214509000,SFymQS+77b49Jyrz1STaDM5GbtI=,169,731,0,1748,1,1
1491214649000,vghXnOFDBedpA0I/nb+nKfOaJkA=,176,732,3,1748,1,1
1491214810000,iTcKt7G+nH/GUAgn43UisdqvYaM=,182,729,6,1748,1,1
1491214811000,ergwlYbxoNO0rXMLwyj8xEdF8B0=,184,729,6,1748,1,1
1491214976000,8R6vufiHXbiUXyVyLPDjnYwovPE=,171,729,0,1748,1,1
1491215055000,Li7Co/aa6kNG8xSdnMwWC2KUAt8=,168,731,3,1748,1,1
1491215111000,SFymQS+77b49Jyrz1STaDM5GbtI=,185,729,3,1748,1,1
1491215380000,zE9Hffxm5lJjzILhjGb58QvL+OM=,167,733,0,1748,1,1
1491215413000,SFymQS+77b49Jyrz1STaDM5GbtI=,181,733,6,1748,1,1
1491215414000,ergwlYbxoNO0rXMLwyj8xEdF8B0=,174,729,3,1748,1,1
1491215553000,vghXnOFDBedpA0I/nb+nKfOaJkA=,184,730,3,1748,1,1
1491215715000,ergwlYbxoNO0rXMLwyj8xEdF8B0=,178,729,6,1748,1,1
1491215854000,vghXnOFDBedpA0I/nb+nKfOaJkA=,168,732,3,1748,1,1
1491215876000,Sd9BU5fmDG9KSB5jeHtN5/SZ8Us=,174,731,3,1748,1,1
1491216026000,ergwlYbxoNO0rXMLwyj8xEdF8B0=,179,729,6,1748,1,1
1491216177000,Sd9BU5fmDG9KSB5jeHtN5/SZ8Us=,175,729,0,1748,1,1
1491216478000,Sd9BU5fmDG9KSB5jeHtN5/SZ8Us=,177,733,3,1748,1,1
1491216618000,iTcKt7G+nH/GUAgn43UisdqvYaM=,166,733,3,1748,1,1
1491216759000,vghXnOFDBedpA0I/nb+nKfOaJkA=,171,733,0,1748,1,1
1491216781000,Sd9BU5fmDG9KSB5jeHtN5/SZ8Us=,175,730,0,1748,1,1
1491216931000,ergwlYbxoNO0rXMLwyj8xEdF8B0=,183,732,6,1748,1,1
1491216941000,E2kAceiez+1J6Cv2xLNtZSuZjRo=,165,734,3,1748,1,1
1491217070000,vghXnOFDBedpA0I/nb+nKfOaJkA=,170,729,3,1748,1,1
1491217082000,Sd9BU5fmDG9KSB5jeHtN5/SZ8Us=,183,733,6,1748,1,1
1491217220000,iTcKt7G+nH/GUAgn43UisdqvYaM=,170,732,3,1748,1,1
1491217372000,vghXnOFDBedpA0I/nb+nKfOaJkA=,170,731,3,1748,1,1
1491217394000,Sd9BU5fmDG9KSB5jeHtN5/SZ8Us=,183,730,6,1748,1,1
1491217501000,CCaGRc4O7/yyMDYaV5l+bSYuLUs=,170,734,3,1748,1,1
1491217522000,iTcKt7G+nH/GUAgn43UisdqvYaM=,183,729,6,1748,1,1
1491217522000,SFymQS+77b49Jyrz1STaDM5GbtI=,164,733,0,1748,1,1
1491217673000,vghXnOFDBedpA0I/nb+nKfOaJkA=,174,732,3,1748,1,1
1491217696000,Sd9BU5fmDG9KSB5jeHtN5/SZ8Us=,172,730,3,1748,1,1
1491217834000,iTcKt7G+nH/GUAgn43UisdqvYaM=,175,733,0,1748,1,1
1491217834000,SFymQS+77b49Jyrz1STaDM5GbtI=,182,730,8,1748,1,1
1491218135000,iTcKt7G+nH/GUAgn43UisdqvYaM=,170,730,3,1748,1,1
1491218135000,SFymQS+77b49Jyrz1STaDM5GbtI=,184,732,3,1748,1,1
1491218136000,ergwlYbxoNO0rXMLwyj8xEdF8B0=,183,731,6,1748,1,1
1491218340000,Sd9BU5fmDG9KSB5jeHtN5/SZ8Us=,172,733,0,1748,1,1
1491218856000,SFymQS+77b49Jyrz1STaDM5GbtI=,172,731,0,1748,1,1
1491219632000,iTcKt7G+nH/GUAgn43UisdqvYaM=,179,733,6,1748,1,1
1491220642000,Sd9BU5fmDG9KSB5jeHtN5/SZ8Us=,173,730,3,1748,1,1
1491220790000,vghXnOFDBedpA0I/nb+nKfOaJkA=,176,730,3,1748,1,1
1491221772000,ergwlYbxoNO0rXMLwyj8xEdF8B0=,173,733,0,1748,1,1
1491221772000,vghXnOFDBedpA0I/nb+nKfOaJkA=,173,733,0,1748,1,1
1491222412000,Sd9BU5fmDG9KSB5jeHtN5/SZ8Us=,182,732,8,1748,1,1
1491222567000,jni1m7pGwFN0rmld0TqGEoxtuis=,177,734,3,1748,1,1
1491222691000,iTcKt7G+nH/GUAgn43UisdqvYaM=,173,731,0,1748,1,1
1491222691000,vghXnOFDBedpA0I/nb+nKfOaJkA=,173,731,0,1748,1,1
1491223046000,ergwlYbxoNO0rXMLwyj8xEdF8B0=,178,730,6,1748,1,1
1491223140000,iTcKt7G+nH/GUAgn43UisdqvYaM=,177,732,6,1748,1,1
1491223140000,vghXnOFDBedpA0I/nb+nKfOaJkA=,169,733,0,1748,1,1
1491223445000,Sd9BU5fmDG9KSB5jeHtN5/SZ8Us=,180,729,6,1748,1,1
1491223580000,hr3EaoheCtQpScmvbmY+idDK6E4=,184,733,6,1748,1,1
1491223904000,ergwlYbxoNO0rXMLwyj8xEdF8B0=,167,730,0,1748,1,1
1491223904000,iTcKt7G+nH/GUAgn43UisdqvYaM=,167,730,0,1748,1,1
1491223904000,Sd9BU5fmDG9KSB5jeHtN5/SZ8Us=,167,730,0,1748,1,1
1491224030000,vghXnOFDBedpA0I/nb+nKfOaJkA=,174,733,3,1748,1,1
1491224216000,Sd9BU5fmDG9KSB5jeHtN5/SZ8Us=,180,731,8,1748,1,1
1491224426000,jni1m7pGwFN0rmld0TqGEoxtuis=,174,734,3,1748,1,1
1491224751000,ergwlYbxoNO0rXMLwyj8xEdF8B0=,172,732,3,1748,1,1
1491224751000,SFymQS+77b49Jyrz1STaDM5GbtI=,172,732,3,1748,1,1
1491224751000,vghXnOFDBedpA0I/nb+nKfOaJkA=,172,732,3,1748,1,1
1491225051000,Sd9BU5fmDG9KSB5jeHtN5/SZ8Us=,164,731,0,1748,1,1
1491225167000,vghXnOFDBedpA0I/nb+nKfOaJkA=,176,729,3,1748,1,1
1491225675000,i+VLIU6A8/CPHxChBeHp5V1KfIw=,176,731,3,1748,1,1
1491225710000,SFymQS+77b49Jyrz1STaDM5GbtI=,167,731,0,1748,1,1
1491225765000,RcudKz2ayNHtKLd5Av+T3F2KPG0=,164,728,3,1748,1,1
1491226043000,iTcKt7G+nH/GUAgn43UisdqvYaM=,173,732,0,1748,1,1
1491226305000,SFymQS+77b49Jyrz1STaDM5GbtI=,171,731,0,1748,1,1
1491226344000,iTcKt7G+nH/GUAgn43UisdqvYaM=,169,730,0,1748,1,1
1491226765000,UcKQwVB8/aUWevRQi3+NxeTkXR4=,169,732,0,1748,1,1
1491226792000,Sd9BU5fmDG9KSB5jeHtN5/SZ8Us=,164,730,0,1748,1,1
1491226974000,hluAnf9q/uu9i7ahHISh9EaxqQc=,184,728,9,1748,1,1
1491227156000,ergwlYbxoNO0rXMLwyj8xEdF8B0=,166,729,3,1748,1,1
1491227625000,ergwlYbxoNO0rXMLwyj8xEdF8B0=,176,733,3,1748,1,1
1491227625000,iTcKt7G+nH/GUAgn43UisdqvYaM=,176,733,3,1748,1,1
1491227625000,Sd9BU5fmDG9KSB5jeHtN5/SZ8Us=,176,733,3,1748,1,1
1491227665000,vghXnOFDBedpA0I/nb+nKfOaJkA=,185,731,3,1748,1,1
1491227731000,UcKQwVB8/aUWevRQi3+NxeTkXR4=,167,728,3,1748,1,1
1491227892000,Xn0URmpv9QzImIQUHxSc0y9QGUQ=,165,728,7,1748,1,1
1491228031000,ergwlYbxoNO0rXMLwyj8xEdF8B0=,179,732,8,1748,1,1
1491228046000,UcKQwVB8/aUWevRQi3+NxeTkXR4=,168,728,3,1748,1,1
1491228173000,SFymQS+77b49Jyrz1STaDM5GbtI=,180,733,6,1748,1,1
1491228356000,UcKQwVB8/aUWevRQi3+NxeTkXR4=,169,728,3,1748,1,1
1491228529000,vghXnOFDBedpA0I/nb+nKfOaJkA=,165,729,0,1748,1,1
1491228788000,UcKQwVB8/aUWevRQi3+NxeTkXR4=,170,728,3,1748,1,1
1491229079000,SFymQS+77b49Jyrz1STaDM5GbtI=,165,733,0,1748,1,1
1491229137000,UcKQwVB8/aUWevRQi3+NxeTkXR4=,171,728,3,1748,1,1
1491229410000,Sd9BU5fmDG9KSB5jeHtN5/SZ8Us=,167,729,0,1748,1,1
1491229463000,UcKQwVB8/aUWevRQi3+NxeTkXR4=,172,728,3,1748,1,1
1491229695000,SFymQS+77b49Jyrz1STaDM5GbtI=,179,731,8,1748,1,1
1491229730000,vghXnOFDBedpA0I/nb+nKfOaJkA=,167,732,0,1748,1,1
1491229782000,UcKQwVB8/aUWevRQi3+NxeTkXR4=,173,728,3,1748,1,1
1491230005000,Sd9BU5fmDG9KSB5jeHtN5/SZ8Us=,178,731,8,1748,1,1
1491230130000,UcKQwVB8/aUWevRQi3+NxeTkXR4=,174,728,3,1748,1,1
1491230275000,iTcKt7G+nH/GUAgn43UisdqvYaM=,180,730,8,1748,1,1
1491230275000,vghXnOFDBedpA0I/nb+nKfOaJkA=,180,730,8,1748,1,1
1491230423000,kfeR83aFPeXURHO1HjmubKhsCjc=,166,728,3,1748,1,1
1491230441000,UcKQwVB8/aUWevRQi3+NxeTkXR4=,175,728,3,1748,1,1
1491230750000,UcKQwVB8/aUWevRQi3+NxeTkXR4=,176,728,3,1748,1,1
1491231060000,UcKQwVB8/aUWevRQi3+NxeTkXR4=,177,728,3,1748,1,1
1491231364000,UcKQwVB8/aUWevRQi3+NxeTkXR4=,178,728,3,1748,1,1
1491231617000,xvg/gavnZd/QIoeZVyyDs945mOs=,182,733,6,1748,1,1
1491231863000,UcKQwVB8/aUWevRQi3+NxeTkXR4=,179,728,3,1748,1,1
1491232542000,bSPgb7h3gmHTdODJ2egmQY4773c=,166,730,3,1748,1,1
1491232944000,nfv4gBDIz7fS43c5EWO3+PT+Pog=,172,734,3,1748,1,1
1491232967000,UcKQwVB8/aUWevRQi3+NxeTkXR4=,181,728,3,1748,1,1
1491233503000,q3kaOLpvkWvgByXCTVPnRqscQyQ=,166,734,3,1748,1,1
1491233724000,Sd9BU5fmDG9KSB5jeHtN5/SZ8Us=,169,729,0,1748,1,1
1491234358000,JlNEjD9nsYe0adOvkTs4OmS5xwc=,171,730,0,1748,1,1
1491235160000,khtrYRi4MKR/pgS7ks8G/Xunc0U=,163,728,3,1748,1,1
1491236093000,Sd9BU5fmDG9KSB5jeHtN5/SZ8Us=,177,730,6,1748,1,1
1491236531000,xvg/gavnZd/QIoeZVyyDs945mOs=,178,733,6,1748,1,1
1491236750000,Li7Co/aa6kNG8xSdnMwWC2KUAt8=,167,734,3,1748,1,1
1491237107000,iTcKt7G+nH/GUAgn43UisdqvYaM=,175,732,0,1748,1,1
1491237178000,jH8iCZQxeTCbeHejeTjmxDhAYvU=,169,734,3,1748,1,1
1491238031000,aY5+oQdLY7TQhBIo4z11WS3w9aU=,180,728,5,1748,1,1
